Date	Open	High	Low	Close	Volume
01-01-2025	19120	19200	19050	19170	18000000
02-01-2025	19170	19250	19100	19220	18500000
03-01-2025	19220	19300	19150	19280	17500000
06-01-2025	19280	19350	19200	19320	17800000
07-01-2025	19320	19400	19250	19380	18200000
08-01-2025	19380	19450	19300	19410	18700000
09-01-2025	19410	19500	19350	19490	19000000
10-01-2025	19490	19550	19400	19520	18800000
13-01-2025	19520	19600	19450	19580	19500000
14-01-2025	19580	19650	19500	19630	20000000
15-01-2025	19630	19700	19580	19690	20200000
16-01-2025	19690	19750	19600	19720	19800000
17-01-2025	19720	19800	19650	19780	19300000
20-01-2025	19780	19850	19700	19810	19600000
21-01-2025	19810	19900	19750	19890	20000000
22-01-2025	19890	19950	19820	19920	19500000
23-01-2025	19920	20000	19850	19980	19800000
24-01-2025	19980	20050	19900	20020	20200000
27-01-2025	20020	20090	19950	20050	20400000
28-01-2025	20050	20120	19980	20080	20000000
29-01-2025	20080	20150	20000	20120	20600000
30-01-2025	20120	20180	20050	20150	20500000
31-01-2025	20150	20200	20080	20180	20800000
03-02-2025	20180	20250	20100	20220	21000000
04-02-2025	20220	20300	20150	20280	21500000
05-02-2025	20280	20350	20200	20310	21200000
06-02-2025	20310	20380	20250	20350	21800000
07-02-2025	20350	20420	20280	20380	22000000
10-02-2025	20380	20450	20300	20420	22500000
11-02-2025	20420	20500	20350	20470	22300000
12-02-2025	20470	20550	20400	20510	22800000
13-02-2025	20510	20580	20450	20550	23000000
14-02-2025	20550	20620	20480	20580	23500000
17-02-2025	20580	20650	20500	20620	23200000
18-02-2025	20620	20700	20550	20670	23800000
19-02-2025	20670	20750	20600	20700	24000000
20-02-2025	20700	20780	20650	20730	24300000
21-02-2025	20730	20800	20680	20780	24500000
24-02-2025	20780	20850	20700	20810	25000000
25-02-2025	20810	20890	20750	20850	24800000
26-02-2025	20850	20920	20780	20880	25200000
27-02-2025	20880	20950	20800	20920	25500000
28-02-2025	20920	20990	20850	20950	26000000
03-03-2025	20950	21020	20880	20990	25800000
04-03-2025	20990	21060	20920	21020	26200000
05-03-2025	21020	21090	20950	21050	26500000
06-03-2025	21050	21120	20980	21080	26800000
07-03-2025	21080	21150	21000	21110	27000000
10-03-2025	21110	21180	21030	21140	27500000
11-03-2025	21140	21210	21060	21180	27300000
12-03-2025	21180	21250	21100	21210	27800000
13-03-2025	21210	21280	21130	21240	28000000
14-03-2025	21240	21310	21170	21270	28500000
17-03-2025	21270	21340	21200	21300	28200000
18-03-2025	21300	21370	21230	21330	28800000
19-03-2025	21330	21400	21260	21370	29000000
20-03-2025	21370	21440	21300	21400	29500000
21-03-2025	21400	21470	21330	21440	29800000
24-03-2025	21440	21500	21380	21470	30000000
25-03-2025	21470	21530	21400	21500	30500000
26-03-2025	21500	21560	21430	21530	30800000
27-03-2025	21530	21600	21470	21570	31000000
28-03-2025	21570	21630	21500	21600	31500000
31-03-2025	21600	21670	21530	21640	32000000

